2606136061740257
2125566696313074
1619820801583279
5786309027794205
5121836264109435
0252557294945582
3917463442982884
1315551596307746
6817817280647580
3169846245612263
0086155930045604
5051210070964532
9884509029282994
3809461647894096
8010345918542833
7178861135411074
3498770760050783
3630123802753991
3575655505967251
8639950603854048
5780703074518344
4545452495802793
1251323045440822
1325336513776600
7066100737307566
7060267353591505
9128747738436265
7570024218484240
4329212215460184
9352923052347257
1094277801007132
6051549157044834
5262664570473539
9434005424399439
2908944257570190
0987100367250213
0594563298521045
0350199524165929
5866995972174534
6977078645903012
9691641321299989
4482971649472443
5557817900704635
5498544027907226
1939729244874139
5994277107164965
9184072711229005
7291389112004137
1154901557001434
3745361006507663
9358118851794850
0271514750206668
4538944308234506
4122236326481561
5781771203752548
9764921980640243
3056372646281816
2445795755982796
0751462914708859
7161606146208875
3985924078331411
4838269606342287
5083526301392449
6115838176308650
6797925275063851
9696361669561870
1041505616173109
5740762420758133
0342421635483625
5152043782665569
1527622765669897
3726627584259208
0152776562726864
8909294997733241
5056739879949724
2551367489032254
8869018482093008
3933365669535929
6984665710908142
9604678762139967
5358122607423156
5814627656010513
3620163736533514
7247563722905858
8542087708808425
5804876179866951
6318695398971643
6362891473560509
2852664301671605
3544941435119731
7775842224316583
2643895455482289
9567697664295441
9303626449749125
7631125157393195
2865476919519644
0371314545021242
7382219141895042
0337802819048300
2435861235064412
2191798202147023
1354549680262346
6074764501262165
1255318055996670
0657524784611273
9026694135300954
7544626991400834
0969723904217070
9330188857024231
4683702021998322
0912518936643841
5031245156110448
1744082874190395
4161677878228867
4407750545408102
3948067772148820
3326310564405972
6673273682816395
9539356175579880
6899459876756326
5622639293743212
8622223732240458
7488154660342444
5746804823672013
5454215526415456
4586799575743896
5616155894081649
1827391223830793
2653441998865835
9603652124106317
6222478534234833
7941015613094664
8009323832598901
0262163112708436
0382643609541751
8823587354409981
5135127185299170
6513306288054546
2649938923880973
6498348733096000
8937157835629256
9873497099288005
0637009513321426
0409768291144090
0619777748177883
5886953091448145
9654397563380013
2573717372428725
1211364242694801
0179052840709987
4463816547640974
8894044025019842
1803249350540873
8278929555260026
5685826581342328
8687452469739684
0775094124722433
2758080401729889
5083083833733404
0583669577728120
6338732264498584
7906463581461105
4977090101193047
0712248525964133
9953230759805618
4786695009893275
0254888723024812
3429071991609949
0317750569062175
9372151335335873
5360377644724413
9484648977886244
1108716929084233
6242030645458771
6974016013549137
3681211441743498
1134515468597526
4890516395721831
0156120112642757
7357550540930496
4818808329765049
2791196287492672
9209705545710101
2285232404133258
1132967888693388
2070620343634255
1803562162325019
6315272077158811
9914278441730955
6583715051620595
8761507767804433
6794976118999670
6074272550437361
5555275802474384
0164723689045625
1334135855389404
6001057558977088
0158715484010020
8688368957505596
4323474960797731
0000325690951570
1376062758048434
8583076511172943
1533579438666930
6512769777132919
5767942901488170
5839351165172682
0499353382002033
3195163395846498
4828127947050854
1401983451198989
0453932915228904
5677757480426882
9217431480429998
6706805243284205
8923035910296791
7419557763519490
4830964828373924
0449556243820325
9045010618126715
0445149830936789
7225759728395382
9382298956919895
0572238333788551
1607028037653024
7375738037025795
9644475072383473
7983146951131035
4462946146826132
9851620968184780
0208221576728215
3400831821407467
2233881397535081
5039025083766589
6318166156268850
6088767405073731
2894302797578522
2867106298294730
3920095971661288
3655787486973619
2263952467893835
7019435613626489
0987725781249409
6666080546150607
5080572159194486
4754676085114233
1532796177832254
0763193876433835
5965805078996780
6159256579747335
1302997977795188
7741713782790746
9549594705896848
7980290030399342
9702837899322401
5041074560317139
4234484172959343
9808750141972434
9019613387560091
9851044187560727
1514133095479019
2752851119975143
4742102758152240
8769855631361516
2469311314294126
5406969307480180
3175843875406881
2003411242573183
6321591514406331
8741353860244050
5828295523291124
2939083597845572
2355198543101450
3263805844970643
5814308738127083
9533390470479021
5578013319745501
2562758315604909
3837453589328268
6267241554806815
5057288111281539
4434867621571132
9391527680099558
3028525067201131
3787020644557985
0007073888474617
4302536084183986
0855690644477980
8710261772702455
8021752244384031
3367491032260693
2533617581675465
2074690870237911
6184719153408146
7778098707722175
7115357310002546
1241263177877895
5932869264315078
1948526191034481
8838731245316359
3273000829450838
8365150786147090
1017364447541425
9314795985644167
9018881735233473
3984128199604718
6619286186244030
2750257855105240
9531044120649358
4952025612230234
5851628266169685
6004407980129154
8260113595004233
6281967222346635
3545386201786547
0405928876209185
4197218947227654
6370773766122290
4486038802648728
6874717097891723
4045276932532785
5348156839126748
8444512354601933
5267444025009170
4776025345992418
2077685676471895
3747608748811893
8792593556008601
0466443465021289
1912225143003630
7144720866935019
0994732050057153
0911664582001939
9612205756197901
9493276933869437
5653016686446545
9446845313998610
7933938738730471
6910171165637315
1523191912411152
1974915471096014
0477617276709551
7254906067108841
5146329297799883
8876486893749133
2399803672820175
2882177481215855
0890004090272717
0191713394346722
8488749944703270
0622911035676862
2376755112393024
6459137931460475
7403665001439475
3380040203926053
5399311611168802
9155473901875060
1355300484668098
4294175670856105
9095679317698241
6742056884581846
1649509826611822
2107854683066343
8631095309062644
6617183095074852
3406943273224326
0142683689088634
5843223159240239
6959894671543428
6554886410730946
5071349517485669
4343409634486318
1305167484757789
1129726385687780
3429824619075806
3043368714127373
5931946572812947
4264417480006530
1625686441204629
2762079234882796
6820432103543401
4736613223938591
0549108509924675
4399034741476106
1795960123482962
2120749124536619
2800786701510081
8863899187043019
7689130010283015
