7387619517924195
9951079067662597
7866939328153617
6721713322923268
6278747409995827
6210217717150233
4331600357583727
8125255183526494
6488014689662028
5328470389792359
4886588496142072
8666952199696006
8897267584532387
4508687830491854
9491355582964341
9764394229366486
7461074173452047
4713769011305096
1767276587986364
1684516043842222
1277202985083208
5149701777708320
4148158629155964
8081498917287880
5687524412208475
0957127806882841
0289602246253445
9912755971713563
1926364336557376
5444434236826175
8427736157860547
1470579403727620
1740995150718319
0407753156463593
4017198138135829
6955594212469661
